1.325037
1.351784
0.341975
0.102164
0.325879
-0.276956
0.274194
0.633027
1.366356
-1.731283
1.185153
-0.773941
0.598040
1.766637
1.538951
0.693435
-0.076471
0.413799
-0.168916
0.976191
-0.406021
-2.134897
-1.246833
1.285763
-1.892846
-1.088560
0.287382
-1.325533
0.276923
-0.905973
-1.939394
-1.892846
0.976191
-2.369231
-1.088560
-1.088560
1.285763
-1.892846
-1.561699
-2.372681
-0.973717
0.567897
-0.921629
-2.267281
-5.168388
4.577245
0.753417
3.897532
-1.682266
4.519137
5.727658
3.444676
-1.179513
-1.169355
5.096410
-0.487296
-1.594897
-1.594897
1.534418
4.532267
5.833560
-0.500000
-4.684415
-1.318706
-4.709091
-1.021655
4.685714
-4.639046
-4.627551
-4.627473
-4.627473
-4.639046
-4.639046
-0.115094
-4.709091
-4.619466
4.601457
-4.648657
-4.649688
2.726368
-1.017289
2.726368
-4.576894
-4.709091
-4.619253
0.945946
-4.676394
4.620453
-6.227273
-6.096791
-1.002641
-0.265957
2.726368
-6.056818
-6.096791
-4.686937
-6.096791
-4.727273
4.669361
2.726368
0.918765
-6.096791
-4.686937
-6.096791
-4.686937
-4.686937
-0.995862
-4.686937
4.669361
-4.686937
-4.834561
-4.883546
-4.592400
-0.175621
-4.686937
0.039002
-5.717425
-4.724241
-0.211423
-4.724241
-0.171416
-4.724241
2.698011
-5.847130
-4.724241
-5.847130
-5.847130
-0.218200
-4.689914
-4.689914
-4.689914
-4.689914
-4.689914
-0.171416
2.698011
-5.858912
-4.925926
-1.173093
-4.689914
-4.689914
-4.689914
-4.689914
-4.689914
0.689635
-4.689914
4.872480
-4.689914
-4.689914
-4.689914
-4.689914
-4.833333
0.689635
-4.689914
-4.689914
-0.176847
-3.828353
-4.689914
-4.689914
-4.689914
-1.104516
0.689635
-0.103211
-0.103211
-1.104516
-1.104516
-1.104516
-1.104516
0.838400
0.689635
1.693904
-0.883117
4.837540
-0.928094
-0.887657
-0.083923
-1.104516
5.273926
2.114853
-1.128306
-0.991646
-1.104516
-0.945673
-0.351824
-1.104516
2.956140
2.666667
1.621932
-0.157155
4.774877
-1.916272
-0.059252
-0.056180
4.774607
