10	rs10994856	52315254	G	0.7972	-0.0508895	0.00692635	2.02369e-13	104645	0.825969	-0.0519229	0.00692895	6.70026e-14	-0.00022682
10	rs1982173	60004008	G	0.5964	-0.0262363	0.00532768	8.45642e-07	118832	0.570258	-0.0266197	0.0053297	5.89618e-07	-0.0136159
10	rs11006679	61098652	A	0.2714	0.0515746	0.00610883	3.10295e-17	109974	0.280809	0.0395269	0.0062453	2.46648e-10	-0.219081
10	rs1171617	61137188	G	0.2435	-0.0702649	0.00673773	1.83629e-25	96998.7	0.130824	-0.0626345	0.00689105	9.97302e-20	0
11	rs7935013	457339	A	0.6958	0.027883	0.00603963	3.89952e-06	105156	0.679892	0.027883	0.00604022	3.9079e-06	0
11	rs1493664	25657565	T	0.4384	-0.0285604	0.00549238	1.99288e-07	109310	0.434551	-0.0287078	0.00549312	1.73086e-07	0.00546371
11	rs963837	30705666	T	0.5179	0.0269129	0.00548226	9.14995e-07	108190	0.54193	0.0270687	0.00548293	7.93735e-07	0
11	rs563638	56315396	G	0.9284	-0.0563584	0.0112045	4.9048e-07	97284.6	0.903968	-0.0559719	0.0112072	5.90594e-07	-0.0087977
11	rs2078267	64090690	C	0.4692	0.0776087	0.00590066	1.64548e-39	93474.8	0.467012	0.060531	0.00614484	6.80625e-23	0.297638
11	rs10897518	64117281	C	0.2942	0.071581	0.00590569	8.20653e-34	111983	0.299895	0.0525719	0.00614728	1.2092e-17	0.060889
11	rs642803	65317196	C	0.5427	0.0427349	0.00539179	2.26452e-15	112491	0.534791	0.0366605	0.00541008	1.23264e-11	0
11	rs2195525	118740614	C	0.4553	0.0311424	0.00570777	4.86596e-08	100478	0.469642	0.0311424	0.00570858	4.88743e-08	0
12	rs4760636	46459619	T	0.2545	0.0289118	0.00611222	2.24344e-06	114543	0.230087	0.0284711	0.00611335	3.20551e-06	0.00762014
12	rs7976059	50537539	G	0.6511	-0.0294106	0.00568274	2.27376e-07	110667	0.647054	-0.0321241	0.00570185	1.7609e-08	-0.08092
12	rs2293094	50602870	T	0.8688	-0.0342209	0.00791235	1.52532e-05	113776	0.858957	-0.0374699	0.00793833	2.35699e-06	-0.00440918
12	rs3741414	56130316	C	0.8052	0.0754768	0.00748354	6.38989e-24	92342.8	0.74722	0.0752131	0.00748829	9.75365e-24	0
12	rs653178	110492139	C	0.4662	0.0362589	0.00539389	1.78974e-11	112113	0.50804	0.0366054	0.00539538	1.16422e-11	0.0133965
12	rs7979473	119904643	A	0.4185	-0.028911	0.00582167	6.8312e-07	98432.3	0.383454	-0.0297885	0.0058233	3.13085e-07	-0.0133005
12	rs7953704	121191945	A	0.4414	-0.0281433	0.00550848	3.23712e-07	108514	0.475729	-0.0285004	0.00550956	2.30493e-07	0
13	rs500830	71246769	C	0.5875	0.0297168	0.00546631	5.43788e-08	112112	0.611888	0.0297168	0.005467	5.45903e-08	0
14	rs11624421	75861575	G	0.83	-0.0322899	0.00721889	7.71395e-06	110418	0.836038	-0.0322899	0.00721951	7.72785e-06	0
15	rs1657922	54965424	C	0.2326	0.0320479	0.00666835	1.54003e-06	102287	0.208747	0.0320479	0.00666907	1.54403e-06	0
15	rs4777542	70869419	C	0.6998	0.0331017	0.00599079	3.28691e-08	107674	0.683499	0.0335807	0.00599202	2.09163e-08	0.0125926
15	rs1394125	73946038	G	0.6581	-0.0428611	0.00627965	8.76825e-12	91475.5	0.666066	-0.0432697	0.00628164	5.64692e-12	0
15	rs8024386	88471530	A	0.7425	-0.028375	0.00612979	3.67379e-06	113016	0.756913	-0.029103	0.00613107	2.06661e-06	0.0156789
15	rs6598541	97088658	A	0.3449	0.0437578	0.00573378	2.31896e-14	109263	0.362789	0.0441775	0.00573596	1.34108e-14	0
16	rs7193778	68121391	C	0.1382	0.0463956	0.00786535	3.66301e-09	110179	0.140216	0.0463956	0.00786656	3.68315e-09	0
16	rs7188445	78292488	G	0.6481	0.0312325	0.00556329	1.97662e-08	115012	0.669973	0.0332103	0.00557674	2.59851e-09	0.0695818
16	rs9935686	78484719	C	0.8718	-0.0398638	0.00819423	1.14535e-06	108186	0.846634	-0.0431648	0.00821381	1.47904e-07	0
17	rs7224610	50719787	C	0.4314	0.0377897	0.00544092	3.77243e-12	111781	0.413962	0.0375029	0.00544227	5.53881e-12	0.00940997
17	rs2079742	56820479	T	0.836	0.0491932	0.0079563	6.29238e-10	93527.2	0.850541	0.0487212	0.00795817	9.23187e-10	0
17	rs4788878	70771893	A	0.1968	-0.0324742	0.00686211	2.21887e-06	109077	0.169522	-0.0319221	0.00686363	3.30476e-06	-0.0160692
17	rs164009	71795264	A	0.6183	0.0285187	0.00548437	1.99288e-07	114369	0.612113	0.0281184	0.00548567	2.96305e-07	0
18	rs12955983	56023969	A	0.7326	-0.031672	0.00639434	7.3031e-07	101359	0.734746	-0.031672	0.00639508	7.32472e-07	0
19	rs1035942	7150803	A	0.2654	0.0327035	0.00600878	5.25017e-08	115332	0.280508	0.0327035	0.00600953	5.27012e-08	0
1	rs9660710	1089205	A	0.0477	-0.0599771	0.0134095	7.72284e-06	99398.9	0.0664262	-0.061459	0.0134146	4.61635e-06	-0.0240676
1	rs982156	5059210	T	0.2694	-0.0288878	0.00635531	5.48167e-06	102129	0.251954	-0.0295794	0.00635771	3.27906e-06	0
1	rs7539892	80747417	G	0.9225	0.0459105	0.0102348	7.26702e-06	108412	0.931695	0.0459105	0.0102357	7.28046e-06	0
1	rs1471633	144435096	A	0.493	0.0607628	0.0053702	1.10836e-29	112527	0.478133	0.0604172	0.00537341	2.48635e-29	-0.000199607
1	rs4970988	149216686	G	0.6332	0.0261557	0.00554819	2.4256e-06	113561	0.646679	0.0264715	0.00554883	1.83646e-06	-0.00732547
1	rs11264341	153418117	C	0.5885	0.048422	0.0059149	2.69065e-16	95779.5	0.570183	0.0480773	0.00591726	4.47623e-16	0
1	rs6665157	184645888	G	0.7505	0.029194	0.0061408	1.99334e-06	114982	0.730313	0.029194	0.00614138	1.99775e-06	0
21	rs2244237	36740011	G	0.7863	0.029322	0.00657218	8.13735e-06	111866	0.775774	0.0303159	0.00657649	4.03194e-06	0.0355205
21	rs3171465	39474177	A	0.5199	-0.0244451	0.00566412	1.59034e-05	101389	0.555831	-0.0253287	0.00566785	7.86485e-06	0
2	rs7601028	632499	C	0.174	-0.0346616	0.00771342	7.00058e-06	94944.9	0.167944	-0.0346616	0.0077142	7.01551e-06	0
2	rs1260326	27584444	T	0.4105	0.0771053	0.00550753	1.55871e-44	110435	0.40269	0.0790915	0.00552398	1.69269e-46	-0.0651401
2	rs6547735	27685111	T	0.7803	0.0305476	0.00658859	3.54463e-06	109100	0.97107	0.0366687	0.00660306	2.80346e-08	0
2	rs11124871	42353753	G	0.4394	-0.0245844	0.00541859	5.70501e-06	112259	0.458897	-0.0245844	0.00541906	5.71571e-06	0
2	rs2272051	73860644	T	0.3082	-0.029382	0.00575312	3.27066e-07	115045	0.346032	-0.029382	0.00575375	3.2803e-07	0
2	rs17669228	113564183	C	0.8131	0.0350252	0.00728352	1.51821e-06	100705	0.799143	0.0349306	0.00728434	1.62426e-06	-0.0022695
2	rs17050272	121022910	G	0.5497	-0.037042	0.0060741	1.07161e-09	88882.2	0.516081	-0.0369799	0.00607535	1.1513e-09	0
2	rs2307394	148432898	T	0.675	-0.0349933	0.00566653	6.59799e-10	115245	0.684175	-0.0349933	0.00566744	6.63966e-10	0
2	rs3815574	169671576	A	0.5229	0.0245234	0.00530507	3.78883e-06	115637	0.508491	0.0248785	0.00530612	2.75028e-06	0.0150528
2	rs2884888	176480515	G	0.662	-0.0250983	0.00566736	9.48595e-06	112973	0.635482	-0.0254937	0.00566846	6.87653e-06	0
2	rs12468226	203045246	A	0.8579	-0.0386805	0.00803509	1.47974e-06	103152	0.880373	-0.0386805	0.00803595	1.48358e-06	0
3	rs6802671	52554328	A	0.1014	0.0325078	0.00958636	0.000696249	96967	0.870379	0.137032	0.0131886	2.74672e-25	0.699916
3	rs1992193	52674129	C	0.9642	-0.059273	0.0169351	0.000465258	82015.4	0.930192	-0.164605	0.0221309	1.02386e-13	-0.288179
3	rs6770152	53075254	G	0.4135	0.0482772	0.00560897	7.4904e-18	106359	0.41569	0.0661078	0.00610583	2.56414e-27	0
3	rs3772912	81781171	A	0.6451	-0.0251002	0.00564503	8.73095e-06	111287	0.635407	-0.0251002	0.0056455	8.74621e-06	0
3	rs6437962	112423022	T	0.1054	0.045466	0.00917385	7.19429e-07	102308	0.106026	0.045466	0.00917491	7.21546e-07	0
3	rs11706480	143202070	C	0.6859	0.0261819	0.00577395	5.77448e-06	113040	0.685152	0.0261819	0.00577445	5.78522e-06	0
4	rs11731255	6546599	A	0.504	-0.0101647	0.00538129	0.0589067	112173	0.538398	-0.0259112	0.00538782	1.5152e-06	-0.0115928
4	rs4974895	9100967	G	0.0726	-0.0523329	0.0116622	7.20993e-06	88659.2	0.0774722	-0.128525	0.0167089	1.44825e-14	0.707839
4	rs4974886	9112447	T	0.0388	-0.123174	0.0152366	6.26588e-16	93726.2	0.0633454	0.10086	0.0215138	2.75691e-06	-0.030922
4	rs4974821	9211999	A	0.0159	-0.0374487	0.0218101	0.0859724	109100	0.0148031	-0.131038	0.0233433	1.98262e-08	-0.0589703
4	rs10805346	9529445	T	0.5656	0.266119	0.00538622	0	111484	0.562669	0.154346	0.00816183	9.30448e-80	-0.262576
4	rs938553	9534624	C	0.7843	-0.105969	0.00662531	1.395e-57	109100	0.91584	-0.118877	0.00803455	1.56161e-49	-0.135564
4	rs4475146	9555754	C	0.7803	0.383006	0.00639842	0	112121	0.78141	0.135966	0.00946756	9.05339e-47	-0.287991
4	rs10939663	9641614	T	0.7237	-0.189257	0.00603369	5.76572e-216	110569	0.74459	-0.33425	0.00906168	7.7324e-298	-0.152147
4	rs10012779	9647210	C	0.9145	0.232902	0.0101866	1.06942e-115	99565.3	0.931921	0.113229	0.0109032	2.90613e-25	0.173818
4	rs4444830	9733917	T	0.5398	0.158267	0.00568088	8.22991e-171	100516	0.540201	0.209921	0.00742703	9.46022e-176	-0.440524
4	rs4697936	9758693	T	0.5467	0.0824886	0.0058335	2.13766e-45	96092.8	0.73422	0.490328	0.00858692	0	0.20047
4	rs12498256	9765642	C	0.7465	-0.156128	0.00625374	1.44912e-137	109100	0.985197	-0.209344	0.00722152	9.0673e-185	-0.209288
4	rs734662	9890239	A	0.0855	0.0302524	0.00984114	0.00211157	107228	0.0677036	-0.312305	0.0147117	5.22963e-100	0.736703
4	rs9990701	9997708	A	0.3539	0.153377	0.00568654	3.15211e-160	109100	0.0882928	0.239483	0.00890138	1.96831e-159	0.0821019
4	rs6830367	10280421	G	0.8091	-0.0496987	0.00698888	1.15112e-12	107587	0.82657	-0.0924471	0.00724293	2.61243e-37	-0.00254436
4	rs7684111	12033803	T	0.4791	-0.00925356	0.00547253	0.0908542	108647	0.467613	-0.0259386	0.00547885	2.198e-06	-0.00342087
4	rs10516304	16166875	T	0.9503	-0.0176525	0.0126659	0.163408	107174	0.960024	-0.0586964	0.0126818	3.68514e-06	0
4	rs11099098	81388936	G	0.7286	0.0331719	0.00628947	1.33341e-07	103787	0.721671	0.0329573	0.00629061	1.61344e-07	0.000664808
4	rs3113402	88915383	T	0.7376	-0.0278924	0.006787	3.96203e-05	91068.1	0.96581	-0.073413	0.00995375	1.63844e-13	0.751388
4	rs17013157	88934141	A	0.9642	0.00645106	0.0165308	0.696356	86089	0.977307	0.117521	0.0242793	1.29596e-06	0.0805781
4	rs11931123	89269132	T	0.7783	0.0273904	0.00677602	5.29398e-05	102484	0.820559	-0.0390048	0.00741209	1.42243e-07	-0.15472
4	rs2231142	89271347	G	0.9056	-0.235838	0.00971978	4.73582e-130	99957.4	0.887812	-0.2763	0.0102551	6.93982e-160	-0.0896914
4	rs9999111	89292221	A	0.9225	0.00289796	0.0111088	0.794193	92041.1	0.935152	-0.052675	0.0113975	3.80701e-06	-0.174454
4	rs2622629	89313088	T	0.6988	-0.0506815	0.00608597	8.25075e-17	104095	0.625864	-0.0978117	0.00678443	4.04123e-47	0
4	rs300915	144493606	A	0.3658	0.0259354	0.00552887	2.71994e-06	114488	0.37917	0.0259354	0.00552938	2.72567e-06	0
5	rs11744054	34544235	C	0.6103	-0.0246219	0.00558228	1.0303e-05	109550	0.618801	-0.025393	0.00558426	5.43545e-06	-0.0231468
5	rs461660	34692782	C	0.4503	-0.0260031	0.00570068	5.08127e-06	100929	0.487151	-0.0263423	0.00570283	3.85296e-06	-0.00866149
5	rs7706096	40030657	G	0.4135	0.0276712	0.00543361	3.53199e-07	113388	0.432296	0.0276383	0.00543451	3.66255e-07	0
5	rs17820772	50451526	C	0.7018	-0.0311671	0.00627325	6.75584e-07	98576.2	0.717388	-0.0316889	0.00627484	4.41464e-07	-0.017363
5	rs459193	55842508	A	0.2913	-0.0297672	0.00593429	5.27229e-07	111673	0.260445	-0.0302562	0.00593572	3.44527e-07	0
5	rs17632159	72467238	G	0.7048	0.0388154	0.00616599	3.07237e-10	102620	0.699203	0.0318661	0.0063247	4.69539e-07	-0.226518
5	rs575416	72473290	A	0.9006	-0.0573222	0.00920503	4.74624e-10	107019	0.893898	-0.0467702	0.00944186	7.28901e-07	0
5	rs4073745	176665947	A	0.674	-0.0275215	0.0059186	3.31935e-06	105483	0.711602	-0.0275215	0.00591918	3.32666e-06	0
6	rs675209	7047083	T	0.2694	0.0626152	0.00618176	4.10695e-24	107863	0.272017	0.0626152	0.00618467	4.31209e-24	0
6	rs12199135	25614137	G	0.5795	-0.0315338	0.00552594	1.15326e-08	109100	0.987451	-0.0292098	0.00553191	1.29019e-07	0.00676953
6	rs1165178	25935495	A	0.4602	-0.0917964	0.00529979	3.28026e-67	116083	0.47896	-0.100465	0.00538847	1.39989e-77	0.133669
6	rs487624	25987518	C	0.5656	0.0152732	0.00549037	0.00540553	109636	0.564923	0.0277773	0.00554311	5.41072e-07	0.00441848
6	rs198800	26247912	C	0.4761	0.0358942	0.00546162	4.96169e-11	109100	0.983995	0.0473915	0.00549971	6.86831e-18	-0.0025085
6	rs11757081	33567398	A	0.8032	-0.0345642	0.00695631	6.73859e-07	106140	0.753983	-0.0350166	0.00695796	4.83904e-07	0
6	rs729761	43912549	T	0.2734	-0.0474147	0.00643778	1.77042e-13	98578.6	0.282988	-0.0474147	0.00643951	1.797e-13	0
6	rs1933737	116416980	T	0.7107	0.0272715	0.00610556	7.94476e-06	105930	0.688458	0.0272715	0.00610611	7.95962e-06	0
7	rs10227466	24810146	T	0.503	0.0270975	0.00547927	7.59662e-07	108173	0.479787	0.0270975	0.00547986	7.61758e-07	0
7	rs1721383	38069864	T	0.1223	-0.0377124	0.00842511	7.59869e-06	106557	0.124061	-0.0377124	0.00842586	7.61292e-06	0
7	rs1178977	72494985	A	0.8111	0.049986	0.0068843	3.84609e-13	111778	0.800797	0.049986	0.00688589	3.89415e-13	0
7	rs10480300	151036938	C	0.7117	-0.0317656	0.0061354	2.24977e-07	105111	0.715359	-0.0317656	0.00613616	2.25743e-07	0
8	rs17786744	23832951	A	0.5716	-0.0305112	0.00538433	1.45602e-08	114356	0.578524	-0.0309083	0.00538581	9.53241e-09	-0.0171324
8	rs17719687	32533708	A	0.835	-0.0323258	0.00742223	1.32907e-05	106972	0.851217	-0.0330317	0.00742388	8.61136e-06	0
8	rs2941484	76641323	C	0.5676	-0.0492142	0.0055128	4.36639e-19	108792	0.563871	-0.0492142	0.00551479	4.49554e-19	0
9	rs10813960	33170362	C	0.7256	0.0337721	0.00647131	1.80135e-07	97364.5	0.723925	0.0337721	0.00647218	1.8082e-07	0
9	rs10115536	70620641	A	0.2008	-0.0309915	0.0069429	8.05308e-06	104955	0.20807	-0.0309915	0.00694353	8.06822e-06	0
