CHR POS SNP_ID EUR EAS
5 72375780 rs6861844 -0.810662 -0.627901
5 72376072 rs6884621 -0.700000 -0.726241
5 72376790 rs7726559 -0.810662 -0.627901
5 72377162 rs11743168 -0.810662 -0.627901
5 72377288 rs11743222 -0.810662 -0.627901
5 72378015 rs2277017 -0.672414 -0.627393
5 72378863 rs6452804 -0.810662 -0.627901
5 72379305 rs60714547 -0.810662 -0.627901
5 72380238 rs258890 1.081450 -0.580998
5 72380529 rs17730967 -0.810662 -0.627901
5 72380926 rs62362234 1.306169 1.033894
5 72380958 rs12153586 -0.810662 -0.627901
5 72381100 rs12153061 -0.810662 -0.627901
5 72381392 rs62362235 1.306169 1.033894
5 72381679 rs55869620 -0.699910 NA
5 72384853 rs57967468 1.431536 1.033894
5 72385058 rs1200485 1.500000 0.128889
5 72385144 rs62362237 1.431536 0.962639
5 72385914 rs6892973 -0.682752 -0.627901
5 72386139 rs1046064 -2.184211 -1.155899
5 72386729 rs689122 1.395317 0.184940
5 72386784 rs10462337 -1.848013 -1.306474
5 72387233 rs17731003 -2.328947 -1.201822
5 72387486 rs10942547 1.027397 1.729235
5 72387761 rs1148562 -0.560953 NA
5 72388400 rs62362238 -2.088137 -1.306474
5 72388732 rs62362239 -0.682752 -0.627901
5 72389197 rs12188789 -0.682752 -0.627901
5 72389272 rs12189525 -0.682752 -0.627901
5 72391011 rs6895786 -0.500000 -0.625920
5 72391093 rs62362241 -2.088137 -1.306474
5 72392597 rs11747525 -0.682752 -0.627901
5 72393996 rs13165360 2.088137 1.306474
5 72393997 rs58161460 1.431536 1.033894
5 72394095 rs7727222 0.568966 0.604357
5 72394735 rs7709974 0.568966 0.909625
5 72394785 rs6452813 0.568966 0.624724
5 72395189 rs628401 1.395317 0.184940
5 72395915 rs6452814 0.682752 0.627901
5 72396722 rs11744431 1.263889 1.033894
5 72398151 rs6452815 2.324675 1.211930
5 72398194 rs6414949 2.088137 1.306474
5 72398657 rs6452816 0.682752 0.627901
5 72398895 rs686233 -1.013158 0.660805
5 72399063 rs10223082 0.682752 0.627901
5 72399896 rs703869 1.512303 0.145303
5 72400190 rs683633 -1.324675 0.684091
5 72401140 rs56026882 1.311275 1.115707
5 72402135 rs564030 1.612937 0.431818
5 72402966 rs640119 -1.515514 0.916122
5 72403453 rs7733340 1.525377 0.207642
5 72404350 rs62362246 1.436765 1.014237
5 72405314 rs471349 1.525377 0.207642
5 72406028 rs554327 0.744888 0.280144
5 72406103 rs72766604 2.341554 1.038579
5 72406203 rs6452817 1.779499 1.365833
5 72406312 rs12657096 1.987013 1.346314
5 72406659 rs548630 1.642518 0.111977
5 72406846 rs11745798 1.302947 1.034296
5 72407538 rs608104 0.380952 1.126960
5 72408589 rs623297 0.047619 -0.776571
5 72409094 rs692811 0.501279 1.283051
5 72409334 rs636607 0.274194 1.549851
5 72409387 rs4454039 1.136986 1.605061
5 72409898 rs3922943 1.974684 1.414465
5 72411335 rs6452820 2.000000 1.449229
5 72411777 rs6414950 2.114943 2.039699
5 72411800 rs609659 0.982143 0.172551
5 72412461 rs13179315 -0.076471 NA
5 72412602 rs481619 0.459016 -0.488456
5 72412780 rs602307 -0.052632 -0.488372
5 72416284 rs682798 -1.771638 -1.109755
5 72416965 rs6452821 -1.621206 -1.675364
5 72417163 rs67751448 0.875218 1.096310
5 72417641 rs556535 -1.861538 -1.264901
5 72417647 rs77877686 -0.669896 -0.154442
5 72418309 rs678393 0.170807 NA
5 72419041 rs7448965 -1.728675 -1.463742
5 72419267 rs638333 0.276923 -1.353576
5 72419456 rs637450 -1.939394 -1.276015
5 72419617 rs636926 -2.306452 -1.388314
5 72420339 rs513130 -2.369231 -1.319883
5 72420681 rs79017922 -0.669896 -0.065188
5 72420748 rs76427256 -0.669896 -0.065188
5 72420784 rs66969865 0.875218 0.937713
5 72422018 rs570888 -2.349206 -1.475530
5 72422775 rs604617 -1.908827 -0.736607
5 72423325 rs639645 -2.330170 -1.407026
5 72423445 rs10452487 -0.676120 -0.121004
5 72423551 rs149129607 -0.872223 NA
5 72425077 rs586623 -5.607340 NA
5 72425458 rs13182742 4.759660 2.980773
5 72425465 rs777857 0.702559 -0.268517
5 72425661 rs703871 4.313433 NA
5 72425953 rs703872 -1.875286 -0.030955
5 72426085 rs703873 4.616566 2.192441
5 72426137 rs10942549 5.979204 2.628427
5 72426775 rs1083428 4.179104 NA
5 72426795 rs35340783 -1.073390 -2.230302
5 72426988 rs1875200 -1.073390 -2.613731
5 72427078 rs4704054 5.540544 2.977785
5 72429346 rs488174 -2.348958 -0.245467
5 72429449 rs645749 -2.079602 -0.265763
5 72431457 rs549579 5.070175 2.171100
5 72431482 rs17632159 6.295082 2.603437
5 72432036 rs17663555 -0.500000 -2.731281
5 72432728 rs493322 -4.690909 -2.377386
5 72433531 rs654281 -4.709091 -2.067498
5 72433992 rs17663561 -0.965079 -2.353892
5 72434224 rs13160226 4.685714 3.040951
5 72434301 rs471507 -4.607143 -2.242268
5 72434574 rs613904 -4.691828 -2.358992
5 72434605 rs613858 -4.691828 -2.358992
5 72434902 rs612534 -5.070175 -2.366477
5 72435075 rs611678 -4.691828 -2.358992
5 72435086 rs500168 -4.691828 -2.358992
5 72435347 rs79505730 -0.190381 NA
5 72435394 rs683365 -4.709091 -2.318148
5 72435700 rs526660 -4.691828 -2.358992
5 72435997 rs4116041 4.722698 2.950753
5 72435998 rs1673140 -4.652287 -2.358992
5 72436003 rs1673141 -4.652287 -2.358992
5 72436191 rs62363470 2.798657 -0.235405
5 72436224 rs11744018 -0.965079 -2.353892
5 72436320 rs62363471 2.798657 -0.235405
5 72436417 rs810361 -4.652287 -2.358992
5 72436471 rs6883235 -4.709091 -2.340176
5 72436630 rs811374 -4.652287 -2.358992
5 72436642 rs777841 0.945946 0.128898
5 72437054 rs593331 -4.736581 -2.358992
5 72437415 rs4704055 4.802106 2.894455
5 72437534 rs575416 -6.227273 NA
5 72437934 rs578948 -6.127547 NA
5 72438094 rs633309 -1.014493 0.423184
5 72438219 rs1965499 -4.649222 -2.358992
5 72438805 rs13353984 -0.265957 NA
5 72438864 rs62363473 2.798657 -0.114155
5 72439029 rs622704 -6.056818 NA
5 72439354 rs634462 -6.127547 NA
5 72439645 rs635444 -4.727273 -3.330126
5 72439774 rs636266 -6.102273 NA
5 72439998 rs689577 -4.727273 -3.300369
5 72440682 rs34497771 4.746254 2.894455
5 72440850 rs62363474 2.798657 -0.114155
5 72441107 rs484573 -6.034091 NA
5 72441121 rs588945 -4.800000 -3.294161
5 72441476 rs587189 -6.056818 NA
5 72441547 rs509666 -4.709507 -3.235734
5 72441731 rs682093 -4.709507 -3.235734
5 72441814 rs62363475 -0.944615 -3.228423
5 72441857 rs512322 -4.709507 -3.235734
5 72441892 rs13154790 4.746254 2.894455
5 72442383 rs777845 -4.709507 -3.235734
5 72442524 rs812372 -4.561544 -3.235734
5 72442531 rs812373 -4.561544 -3.235734
5 72442668 rs13179585 -4.678985 -3.257005
5 72442855 rs76581687 -0.137311 NA
5 72442965 rs590253 -4.614051 -3.257005
5 72443069 rs112668188 -0.078990 NA
5 72443113 rs662962 -5.567766 NA
5 72443331 rs662080 0.044486 2.830026
5 72443623 rs603448 -4.800561 -3.256346
5 72443671 rs75259049 0.051876 NA
5 72443774 rs604267 -4.800561 -3.256346
5 72443960 rs10070046 0.051876 NA
5 72444456 rs617613 -4.800561 -3.256346
5 72444515 rs56987659 2.798657 -0.114155
5 72444594 rs618128 -6.127547 NA
5 72444596 rs618130 -4.800561 -3.256346
5 72444757 rs618981 -6.127547 NA
5 72444768 rs618991 -6.127547 NA
5 72444954 rs10057487 -0.013649 NA
5 72445261 rs631478 -4.800561 -3.256346
5 72445448 rs632331 -4.747442 -3.256346
5 72445450 rs632332 -4.747442 -3.256346
5 72445501 rs520007 -4.800561 -3.337788
5 72445633 rs632888 -4.777778 -3.230047
5 72445684 rs10065748 0.051876 NA
5 72445951 rs11955304 2.798657 -0.114155
5 72446181 rs35276100 -4.483017 -3.235282
5 72446334 rs527511 -6.147727 NA
5 72446489 rs550298 -4.925926 -3.230718
5 72446569 rs8180478 -1.043806 -3.249136
5 72446593 rs647539 -4.800561 -3.256346
5 72446765 rs648441 -4.814815 -3.357355
5 72446835 rs648526 -4.800561 -3.256346
5 72446897 rs588669 -4.693505 -3.256346
5 72446951 rs588269 -4.800561 -3.256346
5 72447023 rs649415 0.919514 -1.108034
5 72447097 rs1673144 -4.800561 -3.256346
5 72447201 rs4703594 5.260870 2.861111
5 72447795 rs663240 -4.800561 -3.256346
5 72447803 rs472789 -4.800561 -3.256346
5 72447962 rs681324 -4.800561 -3.256346
5 72448018 rs474665 -4.800561 -3.256346
5 72448155 rs475728 -4.833333 -3.342242
5 72448232 rs476560 0.919514 -1.108034
5 72448259 rs675752 -4.800561 -3.256346
5 72448344 rs679532 -4.800561 -3.256346
5 72448350 rs10067501 0.051876 NA
5 72448844 rs678147 -4.740741 -3.224681
5 72449033 rs666020 -4.785958 -3.145630
5 72449041 rs679072 -4.785958 -3.145630
5 72449330 rs35415298 -1.043806 -3.249136
5 72449440 rs583300 0.919514 -1.108034
5 72449572 rs9293524 0.069682 NA
5 72449955 rs9293525 0.069682 NA
5 72450250 rs10805862 -1.043806 -3.249136
5 72450706 rs6876744 -1.043806 -3.249136
5 72450709 rs6877971 -1.043806 -3.249136
5 72450722 rs6862727 -1.043806 -3.249136
5 72451152 rs10059128 0.983511 NA
5 72451178 rs490822 0.864865 -1.096386
5 72451309 rs6881806 1.898551 -0.139142
5 72451721 rs71542 -0.883117 0.923655
5 72451804 rs4704059 4.965630 2.911705
5 72451832 rs517504 -0.791001 0.961878
5 72451840 rs745063 -0.924789 -3.229301
5 72452084 rs737417 -1.043806 -3.148701
5 72452355 rs522152 6.060241 NA
5 72452547 rs1916642 -0.982456 -3.122585
5 72452569 rs640560 2.925107 NA
5 72452619 rs777847 -0.688312 0.988778
5 72452887 rs7445131 -1.043806 -3.058629
5 72453141 rs694458 0.919514 -0.961878
5 72453199 rs777849 -0.675325 0.868944
5 72453958 rs654678 -0.089536 -2.859606
5 72453976 rs35062883 -1.043806 -3.148701
5 72454520 rs7720612 2.956140 -0.114174
5 72454880 rs7705585 2.666667 -0.114155
5 72455422 rs13158928 4.911765 3.010575
5 72456171 rs9293527 0.011905 NA
5 72456267 rs9293528 -0.056180 NA
5 72456421 rs17731153 4.691176 2.920582
5 72456522 rs7731387 4.392857 -0.777028
5 72456696 rs35274199 4.893771 2.959746
5 72456996 rs604123 -0.835052 0.786595
5 72457120 rs1457139 4.236364 -0.974437
5 72457556 rs1457140 -1.065958 -3.007475
5 72457839 rs62361360 2.798657 -0.334477
5 72459066 rs1403728 4.400000 -0.644292
5 72460126 rs575415 -0.747253 0.871311
5 72460195 rs576243 4.821918 NA
5 72460429 rs648422 4.986301 NA
5 72462808 rs78675793 4.237481 2.961782
5 72462881 rs6879012 -0.868852 -2.892962
5 72462918 rs11957874 2.798657 -0.334477
5 72463192 rs597305 4.826667 NA
5 72463242 rs62361361 2.798657 -0.334477
5 72463436 rs7719668 4.028571 -0.834219
5 72464009 rs611120 NA 0.786595
5 72464612 rs59548637 2.798657 -0.569699
5 72464988 rs10055158 0.018275 NA
5 72464994 rs625986 4.651650 NA
5 72466319 rs4703595 -1.892473 0.909271
5 72466376 rs4704062 -1.949175 NA
5 72467019 rs73762291 -1.771985 0.289615
5 72467952 rs4235664 -2.053024 1.512744
5 72467959 rs35369032 -1.771985 0.289615
5 72468320 rs7700840 -1.698925 0.990497
5 72470655 rs1104891 -0.309091 2.405160
5 72470708 rs4302564 0.190476 0.125902
5 72470715 rs4302565 0.015873 0.115637
5 72470853 rs998243 -0.418182 2.327972
5 72472513 rs10474310 -1.760870 1.425185
5 72472764 rs3733859 0.456140 -2.048961
5 72473347 rs35724615 0.507839 -2.062523
5 72473492 rs6867716 -1.560000 0.487453
5 72473814 rs4235665 0.016129 0.179301
5 72473899 rs6893265 -1.447368 0.662914
5 72474907 rs13190227 0.507839 -2.089554
5 72475473 rs56086527 -1.621989 0.517333
5 72476086 rs6882893 -0.905578 NA
5 72476096 rs6882901 -1.987342 0.656035
5 72476748 rs9293531 -0.546393 2.382223
5 72476972 rs7727780 -1.621989 0.641397
5 72477110 rs7714806 -1.605263 0.631086
5 72477135 rs9293532 -0.067453 -0.033122
5 72477215 rs9293533 -0.574074 2.328671
5 72478485 rs6891055 -1.586667 0.485893
5 72478889 rs73762301 -1.624824 0.517333
5 72478936 rs10805865 -0.618893 2.382223
5 72479587 rs145494972 -0.443184 NA
5 72479828 rs73762302 -1.624824 0.517333
5 72480746 rs12657699 -1.843301 NA
5 72480761 rs12657703 -2.061160 NA
5 72481571 rs55635013 -1.624824 0.517333
5 72481764 rs10073975 -2.021277 1.497168
5 72483538 rs4703596 -2.095580 1.637492
5 72483544 rs4704063 0.554545 -0.033122
5 72484042 rs4582252 0.000000 0.065409
5 72484207 rs13172534 0.383456 -2.133871
5 72484883 rs57125671 -1.621989 0.580132
5 72485270 rs2068498 -0.032258 0.001257
5 72485529 rs61341658 -1.624824 0.580132
5 72486370 rs11959746 0.438596 -2.207533
5 72487741 rs4594834 -0.217130 -1.864979
5 72487751 rs4235666 -2.095580 1.512744
5 72487764 rs4235667 -0.387755 2.404840
5 72488169 rs6892373 0.457788 -2.218469
5 72488283 rs4704064 -2.095580 1.512744
5 72488683 rs6452861 -1.700484 2.498528
5 72489511 rs6452862 -2.170213 1.226369
5 72489960 rs7723282 -0.611111 2.276224
5 72491268 rs4235668 -2.109890 1.600466
5 72491664 rs4235669 -0.516043 2.171785
5 72491876 rs9293536 -0.535714 2.263336
5 72493097 rs4566764 -0.666667 2.259441
5 72493266 rs7702108 -0.857143 -1.505472
5 72493328 rs4495161 -0.484248 2.232846
5 72493402 rs10073469 -0.484248 2.232846
5 72493896 rs10036050 -2.366667 1.742374
5 72494146 rs12658678 -1.052632 -1.699246
5 72494155 rs7711354 -2.395604 1.749298
5 72494197 rs34259843 -0.849092 -1.699246
5 72494211 rs7724602 -2.194584 1.512744
5 72494385 rs7724931 -2.194584 NA
5 72494793 rs4416586 -0.518519 2.231682
5 72495115 rs10056798 -0.484248 2.232846
5 72495653 rs4131969 -2.194584 1.512744
5 72496179 rs4703597 -2.388889 1.765465
5 72496459 rs4703598 -2.194584 1.512744
5 72496670 rs7718769 -0.849092 -1.705628
5 72496766 rs10045994 -0.484248 2.232846
5 72496940 rs10060983 -0.484248 2.232846
5 72497495 rs9293537 -0.484248 2.232846
5 72498020 rs10942588 0.967077 -1.972352
5 72498908 rs4235670 -2.194584 1.512744
5 72498926 rs4285199 -1.624824 0.549496
5 72500140 rs4295368 -2.377778 1.720207
5 72501096 rs3935430 -0.163636 -1.341716
5 72502029 rs12651896 -1.716667 -0.825435
5 72502332 rs12651948 0.647532 NA
5 72505856 rs12516017 0.291667 1.515117
